StatID	TeamID	PlayerID	SeasonType	Season	Name	Team	Position	Started	Updated	Games	FantasyPoints	Minutes	FieldGoalsMade	FieldGoalsAttempted	FieldGoalsPercentage	EffectiveFieldGoalsPercentage	TwoPointersMade	TwoPointersAttempted	TwoPointersPercentage	ThreePointersMade	ThreePointersAttempted	ThreePointersPercentage	FreeThrowsMade	FreeThrowsAttempted	FreeThrowsPercentage	OffensiveRebounds	DefensiveRebounds	Rebounds	OffensiveReboundsPercentage	DefensiveReboundsPercentage	TotalReboundsPercentage	Assists	Steals	BlockedShots	Turnovers	PersonalFouls	Points	TrueShootingAttempts	TrueShootingPercentage	PlayerEfficiencyRating	AssistsPercentage	StealsPercentage	BlocksPercentage	TurnOversPercentage	UsageRatePercentage	FantasyPointsFanDuel	FantasyPointsDraftKings	FantasyPointsYahoo
36711	3	20000610	1	2015	Shelvin Mack	ATL	PG	0	11/2/2015 11:55:33 PM	55	641.30	832	117	292	40.1	46.9	77	165	46.7	40	127	31.5	25	31	80.6	8	71	79				155	30	2	49	32	299	305.64	48.9							641.30	691.25	661.30
36712	1	20000447	1	2015	Rasual Butler	WAS	SF	1	11/2/2015 11:55:33 PM	75	964.90	1504	218	517	42.2	51.1	127	282	45.0	91	235	38.7	53	67	79.1	27	170	197				63	29	22	48	98	580	546.48	53.1							964.90	1044.25	1010.40
36713	1	20000441	1	2015	Bradley Beal	WAS	SG	59	11/2/2015 11:55:33 PM	63	1607.20	2107	363	851	42.7	48.9	257	592	43.4	106	259	40.9	130	166	78.3	57	184	241				194	76	18	123	136	962	924.04	52.1							1607.20	1736.75	1660.20
36714	23	20000470	1	2015	Omer Asik	NO	C	76	11/2/2015 11:55:33 PM	76	1633.60	1981	213	412	51.7	51.7	213	412	51.7	0	0	0	131	225	58.2	244	504	748				72	29	54	95	144	557	511	54.5							1633.60	1738.00	1633.60
36715	22	20000541	1	2015	Trevor Ariza	HOU	SF	82	11/2/2015 11:55:33 PM	82	2109.30	2930	366	910	40.2	50.9	172	355	48.5	194	555	35.0	122	143	85.3	77	382	459				209	152	17	141	186	1048	972.92	53.9							2109.30	2304.25	2206.30
36716	11	20000518	1	2015	Aaron Brooks	CHI	PG	21	11/2/2015 11:55:33 PM	81	1500.30	1861	340	812	41.9	49.3	220	500	44.0	120	312	38.5	141	170	82.9	32	132	164				255	53	15	156	186	941	886.8	53.0							1500.30	1648.00	1560.30
36717	19	20000616	1	2015	LaMarcus Aldridge	POR	PF	71	11/2/2015 11:55:33 PM	71	2828.20	2511	659	1415	46.6	47.9	622	1310	47.5	37	105	35.2	306	362	84.5	177	549	726				124	48	68	122	125	1661	1574.28	52.7							2828.20	3002.50	2846.70
36718	12	20000581	1	2015	Brendan Haywood	CLE	C	1	11/2/2015 11:55:33 PM	22	86.80	119	14	30	46.7	46.7	14	30	46.7	0	0	0	7	13	53.8	6	23	29				2	2	10	10	17	35	35.72	49.3							86.80	93.25	86.80
36719	23	20000913	1	2015	Elliot Williams	NO	SG	0	11/2/2015 11:55:33 PM	14	68.60	118	14	37	37.8	48.6	6	19	31.6	8	18	44.4	1	4	25.0	0	8	8				12	4	0	4	12	37	38.76	47.4							68.60	75.00	72.60
36720	29	20000925	1	2015	Earl Barron	PHO	C	1	11/2/2015 11:55:33 PM	16	80.10	142	12	39	30.8	33.3	10	35	28.6	2	4	50.0	6	12	50.0	14	14	28				5	4	2	5	26	32	44.28	36.0							80.10	85.00	81.10
36721	5	20000687	1	2015	Andrew Nicholson	ORL	PF	3	11/2/2015 11:55:33 PM	40	337.40	492	83	190	43.7	47.4	70	149	47.0	13	41	31.7	15	25	60.0	17	65	82				22	6	12	24	51	194	201	48.3							337.40	360.00	343.90
36722	9	20000570	1	2015	James Young	BOS	SG	0	11/2/2015 11:55:33 PM	31	189.90	332	36	102	35.3	43.1	19	36	52.8	17	66	25.8	16	29	55.2	9	33	42				13	8	2	5	22	105	114.76	45.7							189.90	203.00	198.40
36723	30	20000865	1	2015	Nik Stauskas	SAC	SG	1	11/2/2015 11:55:33 PM	73	559.10	1126	108	296	36.5	44.6	60	147	40.8	48	149	32.2	55	64	85.9	11	77	88				67	20	17	40	92	319	324.16	49.2							559.10	607.50	583.10
36724	18	20000879	1	2015	Nick Collison	OKC	PF	2	11/2/2015 11:55:33 PM	66	783.00	1100	106	253	41.9	45.1	90	193	46.6	16	60	26.7	45	65	69.2	90	160	250				90	35	25	45	156	273	281.6	48.5							783.00	826.00	791.00
36725	13	20000733	1	2015	C.J. Miles	IND	SG	40	11/2/2015 11:55:33 PM	70	1410.30	1841	329	827	39.8	49.1	175	381	45.9	154	446	34.5	130	161	80.7	18	196	214				75	60	26	73	132	942	897.84	52.4							1410.30	1536.00	1487.30
36726	11	20000524	1	2015	E'Twaun Moore	CHI	SG	0	11/2/2015 11:55:33 PM	55	291.70	501	62	138	44.9	49.3	49	101	48.5	13	37	35.1	12	20	60.0	12	34	46				33	20	6	14	45	149	146.8	50.7							291.70	307.50	298.20
36727	14	20000819	1	2015	Cartier Martin	DET	SF	0	11/2/2015 11:55:33 PM	23	79.50	198	15	53	28.3	34.0	9	20	45.0	6	33	18.2	0	0	0	0	20	20				11	3	1	5	20	36	53	34.0							79.50	86.00	82.50
36728	26	20000487	1	2015	Andre Iguodala	GS	SG	0	11/2/2015 11:55:33 PM	77	1394.40	2068	231	496	46.6	54.0	157	284	55.3	74	212	34.9	68	114	59.6	44	213	257				228	89	25	88	100	604	546.16	55.3							1394.40	1488.25	1431.40
36729	27	20000673	1	2015	Ekpe Udoh	LAL	FC	0	11/2/2015 11:55:33 PM	33	95.20	128	11	24	45.8	45.8	11	24	45.8	0	0	0	7	9	77.8	7	19	26				8	8	7	7	20	29	27.96	51.8							95.20	100.00	95.20
36730	23	20000478	1	2015	Luke Babbitt	NO	SF	19	11/2/2015 11:55:33 PM	63	455.20	829	92	192	47.9	63.5	33	77	42.9	59	115	51.3	13	19	68.4	12	99	111				24	17	11	26	63	256	200.36	63.8							455.20	503.25	484.70
